_target_: src.Pipeline
base_model:
  _target_: sklearn.ensemble.GradientBoostingClassifier
  n_estimators: 125
  max_leaf_nodes: 64
  max_depth: 7
  learning_rate: 0.022619466213676317
weights: [0.524554751471455, 0.5751646212672618, 0.6912641656697686, 0.9686334173655191, 0.9153012804565787]
